{
    "lidar_list":[
        {
            "lidar_ip":"192.168.1.6",
            "lidar_port":2469,
            "calibration_matrix":[[0.9821912236726591, 0.009747386417542454, 0.1876309905064644, 0.07339973400712618], [-0.004877662563034183, 0.9996396129999475, -0.02639796449069632, 0.0026517945041019397], [-0.18782068189720513, 0.025012648387525788, 0.9818847991858911, 0.09643951384002647], [0.0, 0.0, 0.0, 1.0]]
        },
        {
            "lidar_ip":"192.168.1.7",
            "lidar_port":2469,
            "calibration_matrix":[[0.9719181149419456, 0.034260131563451084, 0.23281198687588342, 0.4260936253631115], [-0.03867956561737806, 0.9991472850464544, 0.014442783250885136, -86.79311007644357], [-0.23211865295898326, -0.023042269194590688, 0.9724145128385357, 1.4975629857286115], [0.0, 0.0, 0.0, 1.0]]
        },
        {
            "lidar_ip":"192.168.1.8",
            "lidar_port":2469,
            "calibration_matrix":[[0.9784355369322846, 0.010029305656424892, 0.20630878094792204, -0.4906842364902411], [-0.009246905177966228, 0.9999459348005628, -0.004756282222892569, -182.68601371140127], [-0.20634532903070835, 0.002745997815748429, 0.978475377658138, 1.8102040138836997], [0.0, 0.0, 0.0, 1.0]]
        },
        {
            "lidar_ip":"192.168.1.9",
            "lidar_port":2469,
            "calibration_matrix":[[0.9755177844488447, 0.011457263191164267, 0.21962190998211914, -0.4882003164277917], [-0.006995542632059141, 0.9997532666607115, -0.021082414105638814, -267.04777302247146], [-0.21980926870200201, 0.01902989546495169, 0.9753572414614509, 1.900544041721579], [0.0, 0.0, 0.0, 1.0]]
        }
    ],
	    "lidar_list_save":[
        {
            "lidar_ip":"192.168.1.6",
            "lidar_port":2469,
            "calibration_matrix":[[0.9821912236726591, 0.009747386417542454, 0.1876309905064644, 0.07339973400712618], [-0.004877662563034183, 0.9996396129999475, -0.02639796449069632, 0.0026517945041019397], [-0.18782068189720513, 0.025012648387525788, 0.9818847991858911, 0.09643951384002647], [0.0, 0.0, 0.0, 1.0]]
        },
        {
            "lidar_ip":"192.168.1.7",
            "lidar_port":2469,
            "calibration_matrix":[[0.9719181149419456, 0.034260131563451084, 0.23281198687588342, 0.4260936253631115], [-0.03867956561737806, 0.9991472850464544, 0.014442783250885136, -86.79311007644357], [-0.23211865295898326, -0.023042269194590688, 0.9724145128385357, 1.4975629857286115], [0.0, 0.0, 0.0, 1.0]]
        },
        {
            "lidar_ip":"192.168.1.8",
            "lidar_port":2469,
            "calibration_matrix":[[0.9784355369322846, 0.010029305656424892, 0.20630878094792204, -0.4906842364902411], [-0.009246905177966228, 0.9999459348005628, -0.004756282222892569, -182.68601371140127], [-0.20634532903070835, 0.002745997815748429, 0.978475377658138, 1.8102040138836997], [0.0, 0.0, 0.0, 1.0]]
        },
        {
            "lidar_ip":"192.168.1.9",
            "lidar_port":2469,
            "calibration_matrix":[[0.9755177844488447, 0.011457263191164267, 0.21962190998211914, -0.4882003164277917], [-0.006995542632059141, 0.9997532666607115, -0.021082414105638814, -267.04777302247146], [-0.21980926870200201, 0.01902989546495169, 0.9753572414614509, 1.900544041721579], [0.0, 0.0, 0.0, 1.0]]
        }
    ]
}