{
    "lidar_list":[
        {   "lidar_type": "LivoxHup",
            "lidar_config":{
                "conf_path": "./hap_config.json",
                "point_cloud_length": 2000
            },
            "calibration_matrix":[[-0.018744051369313022, -0.9865022731650421, 0.1626712192690186, 0.0], [0.973970471766734, 0.01874405136931314, 0.22589860704473178, 0.0], [-0.22589860704473178, 0.1626712192690186, 0.9604727449317761, 0.0], [0.0, 0.0, 0.0, 1.0]]
        }
    ]
}